key
丁學忠
翁曉玲
陳昭姿
麥玉珍
牛煦庭
王世堅
王育敏
王定宇
王美惠
王鴻薇
伍麗華Saidhai‧Tahovecahe
江啟臣
何欣純
吳沛憶
吳宗憲
吳秉叡
吳思瑤
吳春城
吳琪銘
李昆澤
李彥秀
李柏毅
沈伯洋
沈發惠
林月琴
林沛祥
林宜瑾
林岱樺
林俊憲
林思銘
林倩綺
林國成
林淑芬
林楚茵
林德福
邱志偉
邱若華
邱鎮軍
邱議瑩
柯志恩
柯建銘
洪孟楷
范雲
徐巧芯
徐欣瑩
徐富癸
涂權吉
馬文君
高金素梅
張宏陸
張啓楷
張智倫
張雅琳
張嘉郡
莊瑞雄
許宇甄
許智傑
郭昱晴
郭國文
陳永康
陳玉珍
陳秀寳
陳亭妃
陳俊宇
陳冠廷
陳素月
陳培瑜
陳雪生
陳菁徽
陳超明
陳瑩
傅崐萁
游錫堃
游顥
黃仁
黃秀芳
黃建賓
黃珊珊
黃健豪
黃國昌
楊曜
楊瓊瓔
萬美玲
葉元之
葛如鈞
廖先翔
廖偉翔
劉建國
蔡其昌
蔡易餘
"鄭天財Sra Kacaw"
鄭正鈐
魯明哲
盧縣一
賴士葆
賴惠員
賴瑞隆
謝衣鳯
謝龍介
鍾佳濱
韓國瑜
顏寬恒
羅廷瑋
羅明才
羅美玲
羅智強
蘇巧慧
蘇清泉
呂玉玲
李坤城
林憶君
洪申翰
王正旭
王義川
黃捷
